1.412999987602233887e+00
1.434000015258789062e+00
1.457000017166137695e+00
1.457999944686889648e+00
1.437000036239624023e+00
1.432999968528747559e+00
1.440999984741210938e+00
1.416000008583068848e+00
1.445000052452087402e+00
1.440000057220458984e+00
1.445999979972839355e+00
0.000000000000000000e+00
0.000000000000000000e+00
1.452000021934509277e+00
1.445999979972839355e+00
1.458999991416931152e+00
1.455999970436096191e+00
1.437999963760375977e+00
1.447999954223632812e+00
1.450000047683715820e+00
1.458999991416931152e+00
1.447999954223632812e+00
1.496000051498413086e+00
2.321000099182128906e+00
2.325999975204467773e+00
2.335999965667724609e+00
2.357000112533569336e+00
2.369999885559082031e+00
2.394999980926513672e+00
2.398999929428100586e+00
2.401000022888183594e+00
2.423000097274780273e+00
2.444999933242797852e+00
2.473000049591064453e+00
2.500999927520751953e+00
0.000000000000000000e+00
7.749999761581420898e-01
7.620000243186950684e-01
7.360000014305114746e-01
7.220000028610229492e-01
7.039999961853027344e-01
7.039999961853027344e-01
6.919999718666076660e-01
6.779999732971191406e-01
6.679999828338623047e-01
6.539999842643737793e-01
6.409999728202819824e-01
6.299999952316284180e-01
6.200000047683715820e-01
6.090000271797180176e-01
6.010000109672546387e-01
5.920000076293945312e-01
5.830000042915344238e-01
5.749999880790710449e-01
5.680000185966491699e-01
5.609999895095825195e-01
5.540000200271606445e-01
5.469999909400939941e-01
5.400000214576721191e-01
5.339999794960021973e-01
5.289999842643737793e-01
5.249999761581420898e-01
5.220000147819519043e-01
5.109999775886535645e-01
5.070000290870666504e-01
5.030000209808349609e-01
4.990000128746032715e-01
4.959999918937683105e-01
4.920000135898590088e-01
4.850000143051147461e-01
4.869999885559082031e-01
4.889999926090240479e-01
4.799999892711639404e-01
4.760000109672546387e-01
4.729999899864196777e-01
4.709999859333038330e-01
4.670000076293945312e-01
4.650000035762786865e-01
4.629999995231628418e-01
4.609999954700469971e-01
4.600000083446502686e-01
4.589999914169311523e-01
4.569999873638153076e-01
4.560000002384185791e-01
4.550000131130218506e-01
4.539999961853027344e-01
4.530000090599060059e-01
4.510000050067901611e-01
4.499999880790710449e-01
4.499999880790710449e-01
4.510000050067901611e-01
4.519999921321868896e-01
4.530000090599060059e-01
4.550000131130218506e-01
4.560000002384185791e-01
4.550000131130218506e-01
4.550000131130218506e-01
4.560000002384185791e-01
4.580000042915344238e-01
4.580000042915344238e-01
4.589999914169311523e-01
4.589999914169311523e-01
4.609999954700469971e-01
4.639999866485595703e-01
4.650000035762786865e-01
4.670000076293945312e-01
4.699999988079071045e-01
4.729999899864196777e-01
4.760000109672546387e-01
4.779999852180480957e-01
4.819999933242797852e-01
4.850000143051147461e-01
4.880000054836273193e-01
4.909999966621398926e-01
4.930000007152557373e-01
4.939999878406524658e-01
4.939999878406524658e-01
4.939999878406524658e-01
4.749999940395355225e-01
4.569999873638153076e-01
4.469999969005584717e-01
4.300000071525573730e-01
4.199999868869781494e-01
4.120000004768371582e-01
3.970000147819519043e-01
3.880000114440917969e-01
3.790000081062316895e-01
3.709999918937683105e-01
3.630000054836273193e-01
3.560000061988830566e-01
3.490000069141387939e-01
3.429999947547912598e-01
3.359999954700469971e-01
3.310000002384185791e-01
3.249999880790710449e-01
3.190000057220458984e-01
3.140000104904174805e-01
3.089999854564666748e-01
3.050000071525573730e-01
3.009999990463256836e-01
2.969999909400939941e-01
2.930000126361846924e-01
2.899999916553497314e-01
2.870000004768371582e-01
2.840000092983245850e-01
2.809999883174896240e-01
2.779999971389770508e-01
2.750000059604644775e-01
2.730000019073486328e-01
2.700000107288360596e-01
2.669999897480010986e-01
2.649999856948852539e-01
2.630000114440917969e-01
2.610000073909759521e-01
2.590000033378601074e-01
2.569999992847442627e-01
2.560000121593475342e-01
2.540000081062316895e-01
2.529999911785125732e-01
2.509999871253967285e-01
2.500000000000000000e-01
2.489999979734420776e-01
2.479999959468841553e-01
2.469999939203262329e-01
2.460000067949295044e-01
2.450000047683715820e-01
2.440000027418136597e-01
2.440000027418136597e-01
2.430000007152557373e-01
2.430000007152557373e-01
2.419999986886978149e-01
2.409999966621398926e-01
2.409999966621398926e-01
2.409999966621398926e-01
2.409999966621398926e-01
2.409999966621398926e-01
2.409999966621398926e-01
2.409999966621398926e-01
2.409999966621398926e-01
2.419999986886978149e-01
2.419999986886978149e-01
2.419999986886978149e-01
2.419999986886978149e-01
2.430000007152557373e-01
2.430000007152557373e-01
2.430000007152557373e-01
2.440000027418136597e-01
2.450000047683715820e-01
2.460000067949295044e-01
2.469999939203262329e-01
2.479999959468841553e-01
2.489999979734420776e-01
2.500000000000000000e-01
2.509999871253967285e-01
2.529999911785125732e-01
2.540000081062316895e-01
2.549999952316284180e-01
2.569999992847442627e-01
2.579999864101409912e-01
2.599999904632568359e-01
2.619999945163726807e-01
2.639999985694885254e-01
2.660000026226043701e-01
2.680000066757202148e-01
2.700000107288360596e-01
2.720000147819519043e-01
2.750000059604644775e-01
2.770000100135803223e-01
2.800000011920928955e-01
2.829999923706054688e-01
2.860000133514404297e-01
2.890000045299530029e-01
2.919999957084655762e-01
2.949999868869781494e-01
2.989999949932098389e-01
3.030000030994415283e-01
3.070000112056732178e-01
3.109999895095825195e-01
3.160000145435333252e-01
3.210000097751617432e-01
3.260000050067901611e-01
3.310000002384185791e-01
3.359999954700469971e-01
3.420000076293945312e-01
3.479999899864196777e-01
3.549999892711639404e-01
3.619999885559082031e-01
3.700000047683715820e-01
3.779999911785125732e-01
3.860000073909759521e-01
3.939999938011169434e-01
4.029999971389770508e-01
4.120000004768371582e-01
4.219999909400939941e-01
4.320000112056732178e-01
4.429999887943267822e-01
4.530000090599060059e-01
4.620000123977661133e-01
4.679999947547912598e-01
4.699999988079071045e-01
4.709999859333038330e-01
4.659999907016754150e-01
4.600000083446502686e-01
4.539999961853027344e-01
4.499999880790710449e-01
4.460000097751617432e-01
4.429999887943267822e-01
4.390000104904174805e-01
4.350000023841857910e-01
4.300000071525573730e-01
4.259999990463256836e-01
4.230000078678131104e-01
4.199999868869781494e-01
4.169999957084655762e-01
4.129999876022338867e-01
4.110000133514404297e-01
4.079999923706054688e-01
4.050000011920928955e-01
4.029999971389770508e-01
4.009999930858612061e-01
3.989999890327453613e-01
3.980000019073486328e-01
3.959999978542327881e-01
3.950000107288360596e-01
3.939999938011169434e-01
3.930000066757202148e-01
3.919999897480010986e-01
3.910000026226043701e-01
3.899999856948852539e-01
3.889999985694885254e-01
3.889999985694885254e-01
3.880000114440917969e-01
3.869999945163726807e-01
3.869999945163726807e-01
3.869999945163726807e-01
3.869999945163726807e-01
3.869999945163726807e-01
3.880000114440917969e-01
3.880000114440917969e-01
3.880000114440917969e-01
3.880000114440917969e-01
3.889999985694885254e-01
3.899999856948852539e-01
3.910000026226043701e-01
3.930000066757202148e-01
3.939999938011169434e-01
3.959999978542327881e-01
3.970000147819519043e-01
3.980000019073486328e-01
3.989999890327453613e-01
4.009999930858612061e-01
4.029999971389770508e-01
4.050000011920928955e-01
4.079999923706054688e-01
4.099999964237213135e-01
4.120000004768371582e-01
4.149999916553497314e-01
4.180000126361846924e-01
4.219999909400939941e-01
4.250000119209289551e-01
4.289999902248382568e-01
4.320000112056732178e-01
4.359999895095825195e-01
4.410000145435333252e-01
4.460000097751617432e-01
4.490000009536743164e-01
4.530000090599060059e-01
4.580000042915344238e-01
4.629999995231628418e-01
4.679999947547912598e-01
4.749999940395355225e-01
4.810000061988830566e-01
4.880000054836273193e-01
4.950000047683715820e-01
5.009999871253967285e-01
5.070000290870666504e-01
5.139999985694885254e-01
5.230000019073486328e-01
5.320000052452087402e-01
5.410000085830688477e-01
5.500000119209289551e-01
5.590000152587890625e-01
5.680000185966491699e-01
5.799999833106994629e-01
5.920000076293945312e-01
6.029999852180480957e-01
6.150000095367431641e-01
6.269999742507934570e-01
6.380000114440917969e-01
6.499999761581420898e-01
6.620000004768371582e-01
6.859999895095825195e-01
6.970000267028808594e-01
7.070000171661376953e-01
7.110000252723693848e-01
7.440000176429748535e-01
7.799999713897705078e-01
7.900000214576721191e-01
8.029999732971191406e-01
8.500000238418579102e-01
8.949999809265136719e-01
9.160000085830688477e-01
9.350000023841857910e-01
9.750000238418579102e-01
1.024000048637390137e+00
1.080999970436096191e+00
1.144999980926513672e+00
1.197999954223632812e+00
1.246999979019165039e+00
1.365000009536743164e+00
1.427999973297119141e+00
1.516999959945678711e+00
1.493999958038330078e+00
1.506000041961669922e+00
1.475000023841857910e+00
1.450000047683715820e+00
1.435999989509582520e+00
1.460999965667724609e+00
1.458999991416931152e+00
1.429999947547912598e+00
